199 50
1 46 250104
1 24 899262
1 15 80055
1 37 50603
1 49 37800
37 38 320870
37 6 86811
15 2 22244
1 45 181373
49 7 3544
15 12 403604
46 8 690720
37 28 263412
1 40 71370
12 48 28404
8 21 7326
15 43 332310
12 11 690228
21 27 75225
46 3 442950
2 25 297960
15 4 267467
45 5 13432
12 35 141492
27 23 215600
3 34 369600
37 9 4905
12 14 300744
14 19 364040
27 20 382396
49 10 641823
2 41 81153
9 32 167510
5 44 271219
4 16 11184
23 29 275502
11 42 432078
14 18 16965
48 33 273456
23 39 139384
40 31 97567
4 26 188246
16 47 138980
8 22 172577
33 36 111230
7 30 21054
3 17 41181
5 13 528858
29 50 240760
43 47 277514
36 41 842506
13 33 186456
34 9 21403
43 45 459825
25 37 336474
24 17 141200
11 50 513535
34 17 504672
36 7 4802
33 36 867825
23 46 438080
33 38 472428
27 37 137200
4 14 12768
40 38 559647
2 48 738568
7 14 164388
39 29 200506
35 1 197524
33 30 1466
32 43 47244
26 34 146772
22 14 375396
4 23 362168
49 17 155016
27 22 231660
5 25 367584
11 44 781568
39 36 356481
22 50 597300
14 27 8168
19 5 5796
12 24 107141
10 2 3480
8 20 13870
5 31 537591
46 50 682864
41 12 36900
14 31 385176
46 32 438240
38 44 278784
23 33 24855
20 37 124640
23 17 56100
43 19 22176
4 49 434241
21 28 137952
5 18 161568
18 37 176190
22 4 309675
10 31 619548
46 5 206796
17 30 195552
48 14 479076
25 25 100744
33 6 308913
34 16 70252
32 34 60096
40 9 58312
24 25 199800
48 20 940975
39 35 604435
13 27 437852
42 13 82490
16 42 60030
1 16 695520
22 29 544479
25 34 347529
15 28 559302
5 22 77670
17 44 334730
12 34 172676
38 33 640533
42 18 245232
9 49 134067
39 13 59784
39 45 452956
47 5 156144
15 35 62434
40 40 66185
22 4 72220
44 38 9345
2 30 52908
29 23 775795
38 14 561150
38 46 221040
29 12 122920
1 28 754444
31 23 297570
14 50 729150
45 35 133163
23 49 618300
26 29 312698
21 31 127428
28 39 259644
32 24 84576
27 10 3081
27 1 125928
30 27 465660
23 4 198066
11 35 536400
7 22 763152
25 29 31218
46 27 197547
16 37 176700
33 20 46629
43 22 486783
1 28 797534
44 30 483055
28 9 144676
28 49 172692
26 15 273916
48 27 72267
49 8 107793
16 37 648375
47 35 450730
28 11 97118
38 8 128280
41 17 16264
21 42 7362
22 3 38222
13 45 25545
24 41 87945
25 18 641704
5 30 865890
11 13 91368
15 2 294
5 39 502860
27 42 207162
34 37 649272
40 3 797760
17 46 673816
14 37 171133
40 41 397432
43 26 209860
20 13 377578
3 22 129602
40 16 113982
30 46 324170
24 14 226278
40 37 588795
38 38 50015
15 10 1438
28 46 585600
29 22 144485
30 41 410167
9 43 522180
20 44 328968
16 34 88950

7 6
1 2 10000
2 3 10000
3 6 10000
1 4 8000
4 3 8000
2 5 6000
5 6 6000

199 50
1 46 250104
1 24 899262
1 15 80055
1 37 50603
1 49 37800
37 38 320870
37 6 86811
15 2 22244
1 45 181373
49 7 3544
15 12 403604
46 8 690720
37 28 263412
1 40 71370
12 48 28404
8 21 7326
15 43 332310
12 11 690228
21 27 75225
46 3 442950
2 25 297960
15 4 267467
45 5 13432
12 35 141492
27 23 215600
3 34 369600
37 9 4905
12 14 300744
14 19 364040
27 20 382396
49 10 641823
2 41 81153
9 32 167510
5 44 271219
4 16 11184
23 29 275502
11 42 432078
14 18 16965
48 33 273456
23 39 139384
40 31 97567
4 26 188246
16 47 138980
8 22 172577
33 36 111230
7 30 21054
3 17 41181
5 13 528858
29 50 240760
43 47 277514
36 41 842506
13 33 186456
34 9 21403
43 45 459825
25 37 336474
24 17 141200
11 50 513535
34 17 504672
36 7 4802
33 36 867825
23 46 438080
33 38 472428
27 37 137200
4 14 12768
40 38 559647
2 48 738568
7 14 164388
39 29 200506
35 1 197524
33 30 1466
32 43 47244
26 34 146772
22 14 375396
4 23 362168
49 17 155016
27 22 231660
5 25 367584
11 44 781568
39 36 356481
22 50 597300
14 27 8168
19 5 5796
12 24 107141
10 2 3480
8 20 13870
5 31 537591
46 50 682864
41 12 36900
14 31 385176
46 32 438240
38 44 278784
23 33 24855
20 37 124640
23 17 56100
43 19 22176
4 49 434241
21 28 137952
5 18 161568
18 37 176190
22 4 309675
10 31 619548
46 5 206796
17 30 195552
48 14 479076
25 25 100744
33 6 308913
34 16 70252
32 34 60096
40 9 58312
24 25 199800
48 20 940975
39 35 604435
13 27 437852
42 13 82490
16 42 60030
1 16 695520
22 29 544479
25 34 347529
15 28 559302
5 22 77670
17 44 334730
12 34 172676
38 33 640533
42 18 245232
9 49 134067
39 13 59784
39 45 452956
47 5 156144
15 35 62434
40 40 66185
22 4 72220
44 38 9345
2 30 52908
29 23 775795
38 14 561150
38 46 221040
29 12 122920
1 28 754444
31 23 297570
14 50 729150
45 35 133163
23 49 618300
26 29 312698
21 31 127428
28 39 259644
32 24 84576
27 10 3081
27 1 125928
30 27 465660
23 4 198066
11 35 536400
7 22 763152
25 29 31218
46 27 197547
16 37 176700
33 20 46629
43 22 486783
1 28 797534
44 30 483055
28 9 144676
28 49 172692
26 15 273916
48 27 72267
49 8 107793
16 37 648375
47 35 450730
28 11 97118
38 8 128280
41 17 16264
21 42 7362
22 3 38222
13 45 25545
24 41 87945
25 18 641704
5 30 865890
11 13 91368
15 2 294
5 39 502860
27 42 207162
34 37 649272
40 3 797760
17 46 673816
14 37 171133
40 41 397432
43 26 209860
20 13 377578
3 22 129602
40 16 113982
30 46 324170
24 14 226278
40 37 588795
38 38 50015
15 10 1438
28 46 585600
29 22 144485
30 41 410167
9 43 522180
20 44 328968
16 34 88950

199 200
1 77 604884
1 158 4482
77 160 333909
158 72 830172
160 64 111300
72 40 9396
77 10 65070
40 125 760487
77 20 223728
10 90 559854
160 82 23684
20 190 19951
40 89 230917
72 163 496531
163 81 273112
10 67 379392
82 79 355426
1 9 515788
64 55 338776
72 166 223710
79 189 42921
40 156 155709
64 104 431550
79 177 684777
67 129 55872
166 76 133734
81 186 503211
82 172 47040
76 145 37416
166 115 49680
129 137 551265
55 174 373672
67 7 208311
160 32 184600
1 194 5887
190 131 600576
174 86 45660
125 83 298622
115 3 208636
189 38 87165
64 134 13939
129 120 834561
9 114 873356
83 61 241411
125 21 9451
32 121 582826
114 42 41010
1 122 70522
10 193 102916
137 182 150228
64 123 422576
86 78 13800
89 58 32263
114 52 275138
182 144 304083
58 43 442677
166 93 839289
43 98 162000
61 154 95448
43 181 3796
189 16 315746
125 80 191333
89 139 326648
129 60 235800
61 45 127610
172 180 193669
156 70 131008
104 185 304358
61 6 138124
79 34 653103
20 183 153560
158 48 125775
80 184 684530
166 41 150800
48 5 504546
145 35 55991
21 8 44550
160 178 88008
83 192 197750
98 171 419856
61 74 498050
174 124 91800
77 109 142443
82 71 147887
98 36 14155
58 151 32431
9 69 458736
193 11 676788
124 31 228613
185 191 250010
185 14 374026
81 23 713800
8 91 46172
109 197 231114
98 73 726792
194 62 130084
129 138 4062
131 13 274850
69 15 24108
61 155 15925
192 111 558742
61 29 232392
158 118 210896
73 28 170820
111 135 229704
137 132 149916
194 126 270359
123 37 17604
138 168 265972
137 88 200238
132 2 146544
82 187 75690
172 27 575296
21 65 808704
82 63 154890
137 101 241569
14 102 180495
109 22 670140
191 44 129628
38 107 426420
28 39 114042
40 164 951500
180 153 641904
20 49 133951
49 173 238822
109 148 22480
98 50 567248
44 105 245900
93 133 129984
36 116 129008
178 54 30753
183 188 29890
194 167 453888
135 18 314336
144 108 351348
35 141 72864
10 66 106416
16 51 116171
125 157 53204
178 92 85519
16 53 260766
2 195 372122
92 19 434115
197 196 152163
69 30 179488
174 25 797568
7 103 168795
2 176 403032
49 17 304668
93 12 170819
3 198 511236
98 146 290598
31 179 788832
40 117 291067
38 100 407355
23 96 467181
183 46 442224
144 161 6756
13 136 13240
171 127 278240
30 47 92040
137 33 327921
132 95 228704
93 175 28580
14 113 289170
154 4 749112
62 152 827836
146 57 57376
19 87 15072
179 24 26052
126 143 135582
154 128 109368
66 75 261838
91 110 97314
103 68 16560
15 170 52828
170 84 19250
125 159 33300
129 199 481887
4 112 152482
14 130 216112
185 59 603099
127 162 384888
44 85 264600
137 99 160038
55 169 58720
36 147 141354
163 26 327262
5 142 185472
129 150 247764
105 106 25193
158 119 98928
130 94 360690
33 149 434420
31 165 571980
65 140 175080
163 56 901033
8 97 35
158 200 633027

5 4
1 2 40
1 4 20
2 4 20
2 3 30
3 4 10