59
3
7
11
13

16
3
3
5
7

15383
100
997
998
1000
1003
1007
1012
1018
1025
1033
1042
1052
1063
1075
1088
1102
1117
1133
1150
1168
1187
1207
1228
1250
1273
1297
1322
1348
1375
1403
1432
1462
1493
1525
1558
1592
1627
1663
1700
1738
1777
1817
1858
1900
1943
1987
2032
2078
2125
2173
2222
2272
2323
2375
2428
2482
2537
2593
2650
2708
2767
2827
2888
2950
3013
3077
3142
3208
3275
3343
3412
3482
3553
3625
3698
3772
3847
3923
4000
4078
4157
4237
4318
4400
4483
4567
4652
4738
4825
4913
5002
5092
5183
5275
5368
5462
5557
5653
5750
5848
5947

5334
100
1009
1013
1019
1021
1031
1033
1039
1049
1051
1061
1063
1069
1087
1091
1093
1097
1103
1109
1117
1123
1129
1151
1153
1163
1171
1181
1187
1193
1201
1213
1217
1223
1229
1231
1237
1249
1259
1277
1279
1283
1289
1291
1297
1301
1303
1307
1319
1321
1327
1361
1367
1373
1381
1399
1409
1423
1427
1429
1433
1439
1447
1451
1453
1459
1471
1481
1483
1487
1489
1493
1499
1511
1523
1531
1543
1549
1553
1559
1567
1571
1579
1583
1597
1601
1607
1609
1613
1619
1621
1627
1637
1657
1663
1667
1669
1693
1697
1699
1709
1721

16
3
3
5
7

323
5
97
101
103
107
119

59
3
7
11
13

20
3
1
2
4

16
3
3
5
7

2000
3
233
151
413

20000
3
233
151
413

16
3
3
5
7