53
1 43 1 10
1 43 2 21
1 43 3 31
1 62 1 32
2 62 1 43 1 43
2 62 1 43 2 57
2 62 1 43 3 64
1 62 2 68
2 62 2 43 1 82
2 62 2 43 2 85
2 62 2 43 3 99
1 62 3 103
2 62 3 43 1 107
2 62 3 43 2 119
2 62 3 43 3 132
1 51 1 22
2 51 1 43 1 33
2 51 1 43 2 44
2 51 1 43 3 52
2 51 1 62 1 55
3 51 1 62 1 43 1 67
3 51 1 62 1 43 2 77
3 51 1 62 1 43 3 84
2 51 1 62 2 94
3 51 1 62 2 43 1 103
3 51 1 62 2 43 2 107
3 51 1 62 2 43 3 126
2 51 1 62 3 124
3 51 1 62 3 43 1 132
3 51 1 62 3 43 2 152
1 51 2 41
2 51 2 43 1 55
2 51 2 43 2 67
2 51 2 43 3 77
2 51 2 62 1 78
3 51 2 62 1 43 1 87
3 51 2 62 1 43 2 94
3 51 2 62 1 43 3 115
2 51 2 62 2 110
3 51 2 62 2 43 1 125
3 51 2 62 2 43 2 138
2 51 2 62 3 152
3 51 2 62 3 43 1 151
1 51 3 62
2 51 3 43 1 72
2 51 3 43 2 84
2 51 3 43 3 92
2 51 3 62 1 102
3 51 3 62 1 43 1 104
3 51 3 62 1 43 2 117
2 51 3 62 2 127
3 51 3 62 2 43 1 142
2 51 3 62 3 158
3
51 3 24
62 3 38
43 3 12

68
2 43 2 64 4 767
2 43 3 64 3 753
2 43 4 64 2 740
3 52 1 43 1 64 4 773
3 52 1 43 2 64 3 823
3 52 1 43 3 64 2 749
3 52 1 43 4 64 1 762
2 52 2 64 4 889
3 52 2 43 1 64 3 820
3 52 2 43 2 64 2 854
3 52 2 43 3 64 1 796
2 52 2 43 4 783
2 52 3 64 3 939
3 52 3 43 1 64 2 916
3 52 3 43 2 64 1 827
2 52 3 43 3 806
2 52 4 64 2 918
3 52 4 43 1 64 1 917
2 52 4 43 2 836
3 21 1 43 1 64 4 758
3 21 1 43 2 64 3 736
3 21 1 43 3 64 2 691
3 21 1 43 4 64 1 647
3 21 1 52 1 64 4 801
4 21 1 52 1 43 1 64 3 805
4 21 1 52 1 43 2 64 2 766
4 21 1 52 1 43 3 64 1 744
3 21 1 52 1 43 4 675
3 21 1 52 2 64 3 840
4 21 1 52 2 43 1 64 2 782
4 21 1 52 2 43 2 64 1 805
3 21 1 52 2 43 3 766
3 21 1 52 3 64 2 860
4 21 1 52 3 43 1 64 1 876
3 21 1 52 3 43 2 781
3 21 1 52 4 64 1 880
3 21 1 52 4 43 1 869
2 21 2 64 4 733
3 21 2 43 1 64 3 719
3 21 2 43 2 64 2 689
3 21 2 43 3 64 1 660
2 21 2 43 4 661
3 21 2 52 1 64 3 745
4 21 2 52 1 43 1 64 2 765
4 21 2 52 1 43 2 64 1 687
3 21 2 52 1 43 3 697
3 21 2 52 2 64 2 801
4 21 2 52 2 43 1 64 1 728
3 21 2 52 2 43 2 732
3 21 2 52 3 64 1 858
3 21 2 52 3 43 1 765
2 21 2 52 4 880
2 21 3 64 3 663
3 21 3 43 1 64 2 680
3 21 3 43 2 64 1 622
2 21 3 43 3 657
3 21 3 52 1 64 2 748
4 21 3 52 1 43 1 64 1 686
3 21 3 52 1 43 2 680
3 21 3 52 2 64 1 737
3 21 3 52 2 43 1 724
2 21 3 52 3 748
2 21 4 64 2 641
3 21 4 43 1 64 1 620
2 21 4 43 2 612
3 21 4 52 1 64 1 693
3 21 4 52 1 43 1 634
2 21 4 52 2 715
4
21 4 107
52 4 183
43 4 126
64 4 150

10
1 155 2 150
2 173 1 155 1 177
1 173 2 212
2 112 1 155 1 152
2 112 1 173 1 190
1 112 2 169
2 271 1 155 1 165
2 271 1 173 1 195
2 271 1 112 1 177
1 271 2 181
4
271 3 103
112 3 92
173 3 114
155 3 87

55
1 55 1 116
1 55 2 237
1 55 3 363
1 64 1 154
2 64 1 55 1 264
2 64 1 55 2 385
1 64 2 315
2 64 2 55 1 408
1 64 3 467
1 23 1 133
2 23 1 55 1 253
2 23 1 55 2 360
2 23 1 64 1 297
3 23 1 64 1 55 1 420
2 23 1 64 2 446
1 23 2 275
2 23 2 55 1 369
2 23 2 64 1 406
1 23 3 404
1 52 1 93
2 52 1 55 1 209
2 52 1 55 2 328
2 52 1 64 1 247
3 52 1 64 1 55 1 374
2 52 1 64 2 386
2 52 1 23 1 232
3 52 1 23 1 55 1 361
3 52 1 23 1 64 1 396
2 52 1 23 2 355
1 52 2 199
2 52 2 55 1 326
2 52 2 64 1 343
2 52 2 23 1 319
1 52 3 295
1 31 1 102
2 31 1 55 1 215
2 31 1 55 2 355
2 31 1 64 1 259
3 31 1 64 1 55 1 377
2 31 1 64 2 425
2 31 1 23 1 230
3 31 1 23 1 55 1 361
3 31 1 23 1 64 1 382
2 31 1 23 2 358
2 31 1 52 1 202
3 31 1 52 1 55 1 310
3 31 1 52 1 64 1 358
3 31 1 52 1 23 1 334
2 31 1 52 2 297
1 31 2 211
2 31 2 55 1 339
2 31 2 64 1 366
2 31 2 23 1 338
2 31 2 52 1 302
1 31 3 320
5
31 5 120
52 5 107
23 5 148
64 5 171
55 5 133

55
1 55 1 116
1 55 2 237
1 55 3 363
1 64 1 154
2 64 1 55 1 264
2 64 1 55 2 385
1 64 2 315
2 64 2 55 1 408
1 64 3 467
1 23 1 133
2 23 1 55 1 253
2 23 1 55 2 360
2 23 1 64 1 297
3 23 1 64 1 55 1 420
2 23 1 64 2 446
1 23 2 275
2 23 2 55 1 369
2 23 2 64 1 406
1 23 3 404
1 52 1 93
2 52 1 55 1 209
2 52 1 55 2 328
2 52 1 64 1 247
3 52 1 64 1 55 1 374
2 52 1 64 2 386
2 52 1 23 1 232
3 52 1 23 1 55 1 361
3 52 1 23 1 64 1 396
2 52 1 23 2 355
1 52 2 199
2 52 2 55 1 326
2 52 2 64 1 343
2 52 2 23 1 319
1 52 3 295
1 31 1 102
2 31 1 55 1 215
2 31 1 55 2 355
2 31 1 64 1 259
3 31 1 64 1 55 1 377
2 31 1 64 2 425
2 31 1 23 1 230
3 31 1 23 1 55 1 361
3 31 1 23 1 64 1 382
2 31 1 23 2 358
2 31 1 52 1 202
3 31 1 52 1 55 1 310
3 31 1 52 1 64 1 358
3 31 1 52 1 23 1 334
2 31 1 52 2 297
1 31 2 211
2 31 2 55 1 339
2 31 2 64 1 366
2 31 2 23 1 338
2 31 2 52 1 302
1 31 3 320
5
31 5 120
52 5 107
23 5 148
64 5 171
55 5 133

0
1
3 2 2

2
1 7 3 5
2 7 1 8 2 10
2
7 3 2
8 2 5