23
16
11111111111111111111111
10000000000000000000001
10001000010100010011001
10001000000100000100001
10100100011111000001001
10000000000000001001001
10010001011111001010001
10000110000100001000001
10000000010101000000001
10111000000000110010001
10000011100000000001001
10000000000101001001001
10001100001001000000001
10010001001001001110001
10000000000000000000001
11111111111111111111111

20
15
00000010000000010000
01110000001110000010
00000000001010001000
00000000000000011000
01111000110000000010
00000000110000010000
10010000000000010000
00000010000001110000
01111100011111000000
00000000000000000000
01111000000000011100
00100010000110010100
00000110000110000000
00010000000000000100
11111111111111111111

23
15
10001000000000010000000
01111100011111000101101
01000000010001000111111
00000000010101000101111
00000111010001000000000
00001001011111000000000
10000001000000000000000
00101000000111110010000
00001000000100010011111
00000001110101010100010
00000100110100010000000
00010001110111110000000
00100001110000000100000
00001000100001000100101
00000001110001000111000