250 250
0 89 150 94 167 92 243 29 209 71 148 69 25 54 34 43 99 140 68 200 160 5 98 28 145 194 146 231 72 235 246 151 166 101 56 121 53 40 161 110 211 173 219 201 77 234 70 13 19 35 103 133 30 242 122 126 79 245 168 3 228 100 8 86 143 10 76 239 48 7 15 218 180 18 125 206 32 207 21 128 67 26 127 119 216 111 109 189 183 107 193 175 24 185 105 176 4 45 33 141 156 131 198 134 191 223 84 248 123 57 58 64 116 78 157 132 38 135 147 144 174 226 230 177 27 149 22 106 195 233 17 12 130 136 188 47 74 225 20 2 236 75 138 73 44 152 213 93 137 153 90 202 1 247 199 203 62 240 82 181 104 196 87 108 41 217 238 63 6 165 80 37 65 229 170 169 81 85 51 178 9 237 83 61 49 124 221 164 214 114 117 224 36 129 52 192 11 139 241 91 97 50 60 204 31 46 227 118 190 113 154 88 215 171 197 142 244 42 208 112 186 159 59 172 210 120 232 212 155 222 39 163 162 158 55 16 205 66 220 95 115 182 14 179 102 96 187 184 23 0
16 2
37 6
2 5
30 4
2 1
24 4
1 1
35 5
7 12
17 1
4 8
14 2
26 2
12 5
22 5
4 6
64 3
35 1
37 10
34 7
36 10
26 8
30 3
59 2
57 3
44 8
18 3
12 2
11 4
2 5
59 9
33 11
43 9
22 4
51 5
16 7
49 2
50 2
18 1
39 8
5 2
8 4
10 5
23 30
13 10
42 17
33 20
40 9
52 12
49 3
1 16
99 27
3 5
63 19
46 3
33 6
48 18
75 1
42 27
63 28
45 17
86 18
33 27
92 24
97 19
52 5
96 12
33 10
15 16
91 7
14 27
63 24
51 18
39 7
50 5
98 23
56 19
89 14
24 18
29 5
79 2
31 23
43 4
29 4
21 21
98 28
20 7
75 25
2 3
75 18
141 10
44 17
20 16
38 6
49 16
11 16
101 2
10 2
20 19
96 7
16 15
104 9
83 25
90 6
23 2
136 11
61 2
54 10
65 19
99 17
127 6
99 12
98 11
22 29
75 29
11 15
59 8
127 21
60 18
37 23
124 23
97 14
116 15
115 12
48 16
98 26
40 17
103 19
18 22
9 25
72 4
97 12
75 27
117 11
91 19
32 7
55 18
61 25
103 21
116 29
8 20
99 25
82 21
23 11
34 15
71 16
64 24
5 16
86 21
22 7
111 26
54 23
12 28
63 14
105 20
110 16
128 14
37 2
36 17
21 7
58 8
25 14
22 4
21 24
133 14
10 20
34 13
20 12
23 8
95 18
70 8
81 12
20 26
30 6
138 16
69 10
125 1
30 13
83 20
103 26
41 19
11 19
103 4
9 9
64 1
9 11
142 25
109 22
114 21
68 26
71 29
30 11
96 21
67 9
82 29
1 14
106 4
50 24
111 12
105 1
134 5
20 9
79 8
18 2
56 21
160 16
85 21
35 12
49 28
104 26
117 15
146 23
55 28
56 22
130 21
48 24
32 6
129 23
153 12
130 6
35 5
71 23
77 28
100 24
100 5
150 28
46 20
5 19
17 26
83 5
153 19
72 17
70 26
157 20
31 25
104 22
156 9
83 13
155 3
55 29
147 17
32 14
41 23
145 20
70 12
122 18
97 5
89 4
126 8
250 249


250 250
0 2 223 154 126 214 44 174 80 99 216 211 242 220 12 167 26 54 5 238 122 41 209 234 184 56 97 112 147 143 245 23 247 38 138 33 52 221 83 127 166 140 37 133 102 85 89 203 172 64 204 86 171 49 75 222 182 119 117 193 183 181 66 134 92 73 148 104 96 29 120 8 210 218 27 47 244 59 200 11 213 150 187 79 142 224 139 43 123 232 149 28 157 170 110 190 116 206 195 128 207 137 4 219 208 98 67 161 53 91 231 115 152 235 176 55 10 1 60 24 45 68 239 158 20 189 135 151 118 246 65 215 196 19 180 113 71 74 70 106 103 202 169 51 16 87 114 90 132 159 175 105 144 57 22 241 121 205 226 6 69 136 78 185 179 35 72 95 212 162 61 9 146 165 21 201 77 145 124 192 111 82 188 94 156 107 230 17 236 18 108 177 168 109 14 100 63 228 237 153 30 240 125 233 48 198 76 3 173 7 34 186 13 163 50 225 199 15 130 164 84 25 191 248 81 197 129 155 160 101 217 88 131 227 46 229 178 32 62 243 39 36 40 58 141 93 42 194 31 0
17 1
6 1
2 2
75 1
26 1
29 2
30 1
44 1
26 1
56 1
52 1
42 1
27 1
8 24
26 3
122 1
47 12
16 10
61 9
45 6
55 9
30 14
117 1
80 4
58 4
26 9
5 6
3 15
65 12
93 1
40 13
84 2
40 9
95 5
26 3
35 14
11 15
28 8
29 8
75 1
77 5
38 3
40 3
60 10
66 1
18 5
24 10
64 10
28 10
13 7
38 4
1 18
110 4
9 10
32 16
87 1
54 2
28 9
12 9
20 10
18 2
64 2
69 1
92 1
43 1
47 11
58 10
15 7
6 3
26 17
106 1
103 1
28 6
61 9
5 14
97 3
81 5
46 1
104 2
80 2
118 1
59 7
23 15
39 4
18 27
30 15
51 1
56 10
41 6
81 2
50 5
74 3
70 6
4 16
57 12
106 1
118 1
100 3
69 12
121 1
97 1
108 1
121 1
91 1
111 2
106 2
41 4
12 37
2 21
29 1
16 12
72 7
3 9
23 4
77 10
40 8
113 1
99 5
50 15
28 1
109 3
76 3
63 1
72 3
106 3
46 17
68 6
12 2
17 18
66 5
121 1
63 14
62 16
114 1
103 3
52 21
42 17
36 24
11 7
98 1
60 16
2 5
77 2
79 7
83 11
42 22
62 8
96 3
98 1
52 5
13 2
119 1
54 18
81 9
56 9
112 1
107 1
111 1
37 22
11 15
52 16
85 6
28 4
94 1
78 6
117 1
20 15
5 17
22 13
61 13
86 7
80 6
115 1
61 5
78 11
43 13
26 5
111 1
23 8
21 8
4 32
24 16
100 4
51 22
31 17
108 3
43 14
43 14
27 26
108 1
22 3
3 18
45 22
103 1
8 23
12 8
102 1
90 9
108 2
121 1
100 3
20 29
97 1
42 20
104 1
28 10
84 1
30 45
113 3
93 2
27 22
119 1
19 5
22 22
104 1
104 1
62 1
118 1
80 2
40 4
88 9
108 2
116 1
97 5
58 16
80 14
84 6
77 7
7 33
114 1
32 25
58 20
82 10
51 19
42 18
75 5
111 1
81 10
66 3
77 2
22 8
60 16
29 21
48 9
35 18
96 1
108 1
36 19
107 4
250 249


10 4
0 2 8 3 6 7 5 1 4 0
2 3
4 2
3 4
7 1