10 10
78 236
616 311
269 651
188 104
874 424
569 625
652 374
341 668
911 770
86 714
693 139
243 976
454 488
839 637
275 236
708 982
959 454
670 602
59 904
803 320

54 46
291 845
829 2
431 739
756 694
962 616
809 557
397 895
8 242
319 635
456 284
745 945
932 14
94 569
665 247
177 374
433 625
534 569
38 288
580 131
888 301
500 113
892 112
578 205
128 151
623 155
761 584
498 465
537 119
305 37
716 749
658 319
752 254
599 849
120 323
160 2
678 175
254 172
650 654
575 579
800 848
458 407
701 426
187 960
4 78
68 129
501 582
714 507
391 317
352 143
547 244
654 39
800 693
547 209
205 626
678 309
8 364
749 600
575 185
716 269
844 596
929 960
965 528
663 680
672 190
112 129
570 821
853 898
983 121
999 901
212 703
713 892
56 540
571 882
234 966
260 813
914 508
459 908
885 492
352 677
50 83
109 707
817 220
848 993
648 653
44 750
519 130
93 379
258 641
739 467
800 499
386 504
171 948
901 299
659 950
336 907
940 777
199 250
151 23
272 522
792 719

3 2
0 0
1 0
2 0
0 3
1 3

4 4
0 0
1 1
3 3
4 4
0 4
1 3
3 1
4 0

4 4
0 0
0 4
4 4
4 0
1 1
1 3
3 3
3 1

4 4
0 0
1 1
3 3
4 4
0 4
1 3
3 1
4 0

3 2
0 0
1 0
2 0
0 3
1 3

3 4
1 5
0 5
2 5
0 5
3 5
0 5
4 5

6 8
1 5
0 5
2 5
0 5
3 5
0 5
4 5
0 5
5 5
0 5
6 5
0 5
7 5
0 5


6 6
0 0
1 0
2 0
3 0
4 0
5 0
0 1
1 1
2 1
3 1
4 1
5 1

3 2
0 0
1 0
2 0
0 3
1 3

6 6
0 0
1 1
1 0
2 0
2 2
3 1
0 1
1 0
1 2
2 0
3 1
2 2

2 2
0 0
1 1
0 0
1 0

3 2
0 0
1 0
2 0
0 3
1 3